10000
10055
10075
10081
10095
10128
10140
10167
10209
10210
10227
10235
10315
10344
10355
10473
10518
10551
10591
10633
10662
10674
10724
10726
10755
10759
10760
10802
10802
10902
10911
10945
11003
11018
11048
11100
11112
11127
11148
11168
11222
11231
11248
11336
11342
11344
11358
11359
11418
11461
11462
11518
11533
11576
11610
11615
11662
11668
11691
11698
11704
11707
11757
11758
11778
11781
11782
11789
11798
11800
11814
11837
11883
11896
11922
11925
11948
11967
11969
11973
